1010.0 0
1010.5 0
1011.0 0
1011.5 0
1012.0 0
1012.5 0
1013.0 0
1013.5 0
1014.0 0
1014.5 0
1015.0 0
1015.5 0
1016.0 0
1016.5 0
1017.0 0
1017.5 0
1018.0 0
1018.5 0
1019.0 0
1019.5 0
1020.0 0
1020.5 0
1021.0 0
1021.5 0
1022.0 0
1022.5 0
1023.0 0
1023.5 0
1024.0 0
1024.5 0
1025.0 0
1025.5 0
1026.0 0
1026.5 0
1027.0 0
1027.5 0
1028.0 0
1028.5 0
1029.0 0
1029.5 0
1030.0 0
1030.5 0
1031.0 0
1031.5 0
1032.0 0
1032.5 0
1033.0 0
1033.5 0
1034.0 0
1034.5 0
1035.0 0
1035.5 0
1036.0 0
1036.5 0
1037.0 0
1037.5 0
1038.0 0
1038.5 0
1039.0 0
1039.5 0
1040.0 0
1040.5 0
1041.0 0
1041.5 0
1042.0 0
1042.5 0
1043.0 0
1043.5 0
1044.0 0
1044.5 0
1045.0 0
1045.5 0
1046.0 0
1046.5 0
1047.0 0
1047.5 0
1048.0 0
1048.5 0
1049.0 0
1049.5 0
1050.0 0
1050.5 0
1051.0 0
1051.5 0
1052.0 0
1052.5 0
1053.0 0
1053.5 0
1054.0 0
1054.5 0
1055.0 0
1055.5 0
1056.0 0
1056.5 0
1057.0 0
1057.5 0
1058.0 0
1058.5 0
1059.0 0
1059.5 0
1060.0 0
1060.5 0
1061.0 0
1061.5 0
1062.0 0
1062.5 0
1063.0 1
1063.5 1
1064.0 1
1064.5 1
1065.0 1
1065.5 1
1066.0 1
1066.5 1
1067.0 1
1067.5 1
1068.0 1
1068.5 1
1069.0 1
1069.5 1
1070.0 1
1070.5 1
1071.0 1
1071.5 1
1072.0 1
1072.5 1
1073.0 0
1073.5 0
1074.0 0
1074.5 0
1075.0 0
1075.5 0
1076.0 0
1076.5 0
1077.0 0
1077.5 0
1078.0 0
1078.5 0
1079.0 0
1079.5 0
1080.0 0
1080.5 0
1081.0 0
1081.5 0
1082.0 0
1082.5 0
1083.0 0
1083.5 0
1084.0 0
1084.5 0
1085.0 0
1085.5 0
1086.0 0
1086.5 0
1087.0 0
1087.5 0
1088.0 0
1088.5 0
1089.0 0
1089.5 0
1090.0 0
1090.5 0
1091.0 0
1091.5 0
1092.0 0
1092.5 0
1093.0 0
1093.5 0
1094.0 0
1094.5 0
1095.0 0
1095.5 0
1096.0 0
1096.5 0
1097.0 0
1097.5 0
1098.0 0
1098.5 0
1099.0 0
1099.5 0
1100.0 0
1100.5 0
1101.0 0
1101.5 0
1102.0 0
1102.5 0
1103.0 0
1103.5 0
1104.0 0
1104.5 0
1105.0 0
1105.5 0
1106.0 0
1106.5 0
1107.0 0
1107.5 0
1108.0 0
1108.5 0
1109.0 0
1109.5 0
1110.0 0
1110.5 0
1111.0 0
1111.5 0
1112.0 0
1112.5 0
1113.0 0
1113.5 0
1114.0 0
1114.5 0
1115.0 0
1115.5 0
1116.0 0
1116.5 0
1117.0 0
1117.5 0
1118.0 0
1118.5 0
1119.0 0
1119.5 0
1120.0 0
1120.5 0
1121.0 0
1121.5 0
1122.0 0
1122.5 0
1123.0 0
1123.5 0
1124.0 0
1124.5 0
1125.0 0
1125.5 0
1126.0 0
1126.5 0
1127.0 0
1127.5 0
1128.0 0
1128.5 0
1129.0 0
1129.5 0
1130.0 0
1130.5 0
1131.0 0
1131.5 0
1132.0 0
1132.5 0
1133.0 0
1133.5 0
1134.0 0
1134.5 0
1135.0 0
1135.5 0
1136.0 0
1136.5 0
1137.0 0
1137.5 0
1138.0 0
1138.5 0
1139.0 0
1139.5 0
1140.0 0
1140.5 0
1141.0 0
1141.5 0
1142.0 0
1142.5 0
1143.0 0
1143.5 0
1144.0 0
1144.5 0
1145.0 0
1145.5 0
1146.0 0
1146.5 0
1147.0 0
1147.5 0
1148.0 0
1148.5 0
1149.0 0
1149.5 0
1150.0 0
1150.5 0
1151.0 0
1151.5 0
1152.0 0
1152.5 0
1153.0 0
1153.5 0
1154.0 0
1154.5 0
1155.0 0
1155.5 0
1156.0 0
1156.5 0
1157.0 0
1157.5 0
1158.0 0
1158.5 0
1159.0 0
1159.5 0
1160.0 0
1160.5 0
1161.0 0
1161.5 0
1162.0 0
1162.5 0
1163.0 0
1163.5 0
1164.0 0
1164.5 0
1165.0 0
1165.5 0
1166.0 0
1166.5 1
1167.0 1
1167.5 1
1168.0 1
1168.5 1
1169.0 1
1169.5 1
1170.0 1
1170.5 1
1171.0 1
1171.5 1
1172.0 1
1172.5 1
1173.0 1
1173.5 1
1174.0 1
1174.5 1
1175.0 1
1175.5 1
1176.0 1
1176.5 0
1177.0 0
1177.5 0
1178.0 0
1178.5 0
1179.0 0
1179.5 0
1180.0 0
1180.5 0
1181.0 1
1181.5 1
1182.0 1
1182.5 1
1183.0 1
1183.5 1
1184.0 2
1184.5 2
1185.0 2
1185.5 2
1186.0 2
1186.5 2
1187.0 2
1187.5 2
1188.0 2
1188.5 2
1189.0 2
1189.5 2
1190.0 2
1190.5 2
1191.0 1
1191.5 1
1192.0 1
1192.5 1
1193.0 1
1193.5 1
1194.0 0
1194.5 0
1195.0 0
1195.5 0
1196.0 0
1196.5 0
1197.0 0
1197.5 0
1198.0 0
1198.5 0
1199.0 0
1199.5 0
1200.0 0
1200.5 0
1201.0 0
1201.5 0
1202.0 0
1202.5 0
1203.0 0
1203.5 0
1204.0 0
1204.5 0
1205.0 0
1205.5 0
1206.0 0
1206.5 0
1207.0 0
1207.5 0
1208.0 0
1208.5 0
1209.0 0
1209.5 0
1210.0 0
1210.5 0
1211.0 0
1211.5 0
1212.0 0
1212.5 0
1213.0 0
1213.5 0
1214.0 0
1214.5 0
1215.0 0
1215.5 0
1216.0 0
1216.5 0
1217.0 0
1217.5 0
1218.0 0
1218.5 0
1219.0 0
1219.5 0
1220.0 0
1220.5 0
1221.0 0
1221.5 0
1222.0 0
1222.5 0
1223.0 0
1223.5 0
1224.0 0
1224.5 0
1225.0 0
1225.5 0
1226.0 0
1226.5 0
1227.0 0
1227.5 0
1228.0 0
1228.5 0
1229.0 0
1229.5 0
1230.0 0
1230.5 0
1231.0 0
1231.5 0
1232.0 0
1232.5 0
1233.0 0
1233.5 0
1234.0 0
1234.5 0
1235.0 0
1235.5 0
1236.0 0
1236.5 0
1237.0 0
1237.5 0
1238.0 0
1238.5 0
1239.0 0
1239.5 0
1240.0 0
1240.5 0
1241.0 0
1241.5 0
1242.0 0
1242.5 0
1243.0 0
1243.5 0
1244.0 0
1244.5 0
1245.0 0
1245.5 0
1246.0 0
1246.5 0
1247.0 0
1247.5 0
1248.0 0
1248.5 0
1249.0 0
1249.5 0
1250.0 0
1250.5 0
1251.0 0
1251.5 0
1252.0 0
1252.5 0
1253.0 0
1253.5 0
1254.0 0
1254.5 0
1255.0 0
1255.5 0
1256.0 0
1256.5 0
1257.0 0
1257.5 0
1258.0 0
1258.5 0
1259.0 0
1259.5 0
1260.0 0
1260.5 0
1261.0 0
1261.5 0
1262.0 0
1262.5 0
1263.0 0
1263.5 0
1264.0 0
1264.5 0
1265.0 0
1265.5 0
1266.0 0
1266.5 0
1267.0 0
1267.5 0
1268.0 0
1268.5 0
1269.0 0
1269.5 0
1270.0 0
1270.5 0
1271.0 0
1271.5 0
1272.0 0
1272.5 0
1273.0 0
1273.5 0
1274.0 0
1274.5 0
1275.0 0
1275.5 0
1276.0 0
1276.5 0
1277.0 0
1277.5 0
1278.0 0
1278.5 0
1279.0 0
1279.5 0
1280.0 0
1280.5 0
1281.0 0
1281.5 0
1282.0 0
1282.5 0
1283.0 0
1283.5 0
1284.0 0
1284.5 0
1285.0 0
1285.5 0
1286.0 0
1286.5 0
1287.0 0
1287.5 0
1288.0 0
1288.5 0
1289.0 0
1289.5 0
1290.0 0
1290.5 0
1291.0 0
1291.5 0
1292.0 0
1292.5 0
1293.0 0
1293.5 0
1294.0 0
1294.5 0
1295.0 0
1295.5 0
1296.0 0
1296.5 0
1297.0 0
1297.5 0
1298.0 0
1298.5 0
1299.0 0
1299.5 0
1300.0 0
1300.5 0
1301.0 0
1301.5 0
1302.0 0
1302.5 0
1303.0 0
1303.5 0
1304.0 0
1304.5 0
1305.0 0
1305.5 0
1306.0 0
1306.5 0
1307.0 0
1307.5 0
1308.0 0
1308.5 0
1309.0 0
1309.5 0
1310.0 0
1310.5 0
1311.0 0
1311.5 0
1312.0 0
1312.5 0
1313.0 0
1313.5 0
1314.0 0
1314.5 0
1315.0 0
1315.5 0
1316.0 0
1316.5 0
1317.0 0
1317.5 0
1318.0 0
1318.5 0
1319.0 0
1319.5 0
1320.0 0
1320.5 0
1321.0 0
1321.5 0
1322.0 0
1322.5 0
1323.0 0
1323.5 0
1324.0 0
1324.5 0
1325.0 0
1325.5 0
1326.0 0
1326.5 0
1327.0 0
1327.5 0
1328.0 0
1328.5 0
1329.0 0
1329.5 0
1330.0 0
1330.5 0
1331.0 0
1331.5 0
1332.0 0
1332.5 0
1333.0 0
1333.5 0
1334.0 0
1334.5 0
1335.0 0
1335.5 0
1336.0 0
1336.5 0
1337.0 0
1337.5 0
1338.0 0
1338.5 0
1339.0 0
1339.5 0
1340.0 0
1340.5 0
1341.0 0
1341.5 0
1342.0 0
1342.5 0
1343.0 0
1343.5 0
1344.0 0
1344.5 0
1345.0 0
1345.5 0
1346.0 0
1346.5 0
1347.0 0
1347.5 0
1348.0 0
1348.5 0
1349.0 0
1349.5 0
1350.0 0
1350.5 0
1351.0 0
1351.5 0
1352.0 0
1352.5 0
1353.0 0
1353.5 0
1354.0 0
1354.5 0
1355.0 0
1355.5 0
1356.0 0
1356.5 0
1357.0 0
1357.5 0
1358.0 0
1358.5 0
1359.0 0
1359.5 0
1360.0 0
1360.5 0
1361.0 0
1361.5 0
1362.0 0
1362.5 0
1363.0 0
1363.5 0
1364.0 0
1364.5 0
1365.0 0
1365.5 0
1366.0 0
1366.5 0
1367.0 0
1367.5 0
1368.0 0
1368.5 0
1369.0 0
1369.5 0
1370.0 0
1370.5 0
1371.0 0
1371.5 0
1372.0 0
1372.5 0
1373.0 0
1373.5 0
1374.0 0
1374.5 0
1375.0 0
1375.5 0
1376.0 0
1376.5 0
1377.0 0
1377.5 0
1378.0 0
1378.5 0
1379.0 0
1379.5 0
1380.0 0
1380.5 0
1381.0 0
1381.5 0
1382.0 0
1382.5 0
1383.0 0
1383.5 0
1384.0 0
1384.5 0
1385.0 0
1385.5 0
1386.0 0
1386.5 0
1387.0 0
1387.5 0
1388.0 0
1388.5 0
1389.0 0
1389.5 0
1390.0 0
1390.5 0
1391.0 0
1391.5 0
1392.0 0
1392.5 0
1393.0 0
1393.5 0
1394.0 1
1394.5 1
1395.0 1
1395.5 1
1396.0 1
1396.5 1
1397.0 1
1397.5 1
1398.0 1
1398.5 1
1399.0 1
1399.5 1
1400.0 1
1400.5 1
1401.0 1
1401.5 1
1402.0 1
1402.5 1
1403.0 1
1403.5 1
1404.0 0
1404.5 0
1405.0 0
1405.5 0
1406.0 0
1406.5 0
1407.0 0
1407.5 0
1408.0 0
1408.5 0
1409.0 0
1409.5 0
1410.0 0
1410.5 0
1411.0 0
1411.5 0
1412.0 0
1412.5 0
1413.0 0
1413.5 0
1414.0 0
1414.5 0
1415.0 0
1415.5 0
1416.0 0
1416.5 0
1417.0 0
1417.5 0
1418.0 0
1418.5 0
1419.0 0
1419.5 0
1420.0 0
1420.5 0
1421.0 0
1421.5 0
1422.0 0
1422.5 0
1423.0 0
1423.5 0
1424.0 0
1424.5 0
1425.0 0
1425.5 0
1426.0 0
1426.5 0
1427.0 0
1427.5 0
1428.0 0
1428.5 0
1429.0 0
1429.5 0
1430.0 0
1430.5 0
1431.0 0
1431.5 0
1432.0 0
1432.5 0
1433.0 0
1433.5 0
1434.0 0
1434.5 0
1435.0 0
1435.5 0
1436.0 0
1436.5 0
1437.0 0
1437.5 0
1438.0 0
1438.5 0
1439.0 0
1439.5 0
1440.0 0
1440.5 0
1441.0 0
1441.5 0
1442.0 0
1442.5 0
1443.0 0
1443.5 0
1444.0 0
1444.5 0
1445.0 0
1445.5 0
1446.0 0
1446.5 0
1447.0 0
1447.5 0
1448.0 0
1448.5 0
1449.0 0
1449.5 0
1450.0 0
1450.5 0
1451.0 0
1451.5 0
1452.0 0
1452.5 0
1453.0 0
1453.5 0
1454.0 0
1454.5 0
1455.0 0
1455.5 0
1456.0 0
1456.5 0
1457.0 0
1457.5 0
1458.0 0
1458.5 0
1459.0 0
1459.5 0
1460.0 0
1460.5 0
1461.0 0
1461.5 0
1462.0 0
1462.5 0
1463.0 0
1463.5 0
1464.0 0
1464.5 0
1465.0 0
1465.5 0
1466.0 0
1466.5 0
1467.0 0
1467.5 0
1468.0 0
1468.5 0
1469.0 0
1469.5 0
1470.0 0
1470.5 0
1471.0 0
1471.5 0
1472.0 0
1472.5 0
1473.0 0
1473.5 0
1474.0 0
1474.5 0
1475.0 0
1475.5 0
1476.0 0
1476.5 0
1477.0 0
1477.5 0
1478.0 0
1478.5 0
1479.0 0
1479.5 0
1480.0 0
1480.5 0
1481.0 0
1481.5 0
1482.0 0
1482.5 0
1483.0 0
1483.5 0
1484.0 0
1484.5 0
1485.0 0
1485.5 0
1486.0 0
1486.5 0
1487.0 0
1487.5 0
1488.0 0
1488.5 0
1489.0 0
1489.5 0
1490.0 0
1490.5 0
1491.0 0
1491.5 0
1492.0 0
1492.5 0
1493.0 0
1493.5 0
1494.0 0
1494.5 0
1495.0 0
1495.5 0
1496.0 0
1496.5 0
1497.0 0
1497.5 0
1498.0 0
1498.5 0
1499.0 0
1499.5 0
1500.0 0
In the range from 1000.0 to 1500.0 m/z and window size 10.0;
There are 5 values in this range of mass/charge matching the pattern;
The pattern entered was: CA;
The accuracy entered in Daltons was: 0.5 Da
